[Pixels4Nibbles]
pxperfood = 8
vertres = 64
horzres = 96
sensortiming = 0.06
itemcooldown = 0.5
calibrationidletime = 5

[Calibration]
avgdist = 32.075183793722864
threshold = 18.02683135113084

